[depart]
lat = 0.013707783890401887
h = 350
lon = 0.03046174197867086

[arrivee]
lat = -0.007615435494667715
h = 8000
lon = 0.0852928775402784

